"[array([15.77831993, 16.02682052, 15.54772966, 16.49243296, 14.75769452,
       18.05976439, 14.65706393])]",0.02985
"[array([15.50573496, 16.57704145, 14.66503207, 18.22745348, 14.9334265 ,
       18.17936878, 14.84863506, 18.31050641])]",0.02986
"[array([15.2579245 , 17.07304038, 14.24203978, 18.99718188, 16.38929312,
       15.79319223, 16.0132793 , 15.59626723])]",0.02987
"[array([15.04034489, 17.4982743 , 14.26155379, 19.04413391, 16.50101729,
       15.63203248, 16.34032758, 15.05260281])]",0.02988
"[array([14.85688737, 17.84641879, 14.53965684, 18.68598866, 15.80598989,
       16.71881291, 14.5566057 , 18.40585335])]",0.02989
"[array([14.70964823, 18.11822784, 14.8944084 , 18.1636689 , 14.94805641,
       18.0855419 , 14.83982037, 18.24688193])]",0.0299
"[array([14.59877225, 18.31893807, 15.21868243, 17.64894283, 14.43124738,
       18.78177653, 16.0306539 , 16.34086742])]",0.02991
"[array([14.52262165, 18.4562207 , 15.46798544, 17.2382312 , 14.35063902,
       18.80336939, 16.09291488, 16.23922954])]",0.02992
"[array([14.4780826 , 18.5388305 , 15.63260596, 16.96324044, 14.48013931,
       18.53489844, 15.62581285, 16.97409471])]",0.02993
"[array([14.46097015, 18.57566956, 15.71909705, 16.81664776, 14.61495697,
       18.27940057, 15.23958143, 17.57283438])]",0.029939999999999998
"[array([14.46657699, 18.57531541, 15.740637  , 16.77516773, 14.68004875,
       18.15595894, 15.09315107, 17.78181546])]",0.029949999999999997
"[array([14.49002947, 18.54573382, 15.71241986, 16.81218125, 14.67952733,
       18.15545357, 15.12104694, 17.72512724])]",0.029959999999999997
"[array([14.52667542, 18.49417548, 15.64953275, 16.90251452, 14.64593215,
       18.21875011, 15.23441784, 17.54061823])]",0.029969999999999997
"[array([14.57226986, 18.42706402, 15.56571685, 17.02376788, 14.61341438,
       18.28543461, 15.3547627 , 17.34608532])]",0.029979999999999996
"[array([14.62317064, 18.35000883, 15.47272132, 17.15705471, 14.60466042,
       18.31627182, 15.42472622, 17.2295326 ])]",0.029989999999999996
"[array([14.67637528, 18.26770098, 15.37993318, 17.28749996, 14.62684696,
       18.29806147, 15.42378843, 17.22142592])]",0.029999999999999995
"[array([14.7294449 , 18.1839961 , 15.2941581 , 17.40467845, 14.67467233,
       18.23745674, 15.36553361, 17.29887047])]",0.030009999999999995
"[array([14.78062674, 18.10187747, 15.21974986, 17.50237332, 14.73690633,
       18.15067901, 15.27964308])]",0.030019999999999995
"[array([14.82863635, 18.02353265, 15.15891484, 17.57796115, 14.8022781 ,
       18.05476797, 15.19371662])]",0.030029999999999994
"[array([14.87266703, 17.95038702, 15.11212009, 17.63151276, 14.86277352,
       17.96249134, 15.12425464])]",0.030039999999999994
"[array([14.91232197, 17.88328001, 15.078668  , 17.66487504, 14.91421959,
       17.88093681, 15.07655754])]",0.030049999999999993
"[array([14.94754242, 17.82246895, 15.05711038, 17.68079662, 14.95567872,
       17.81233285, 15.04893915])]",0.030059999999999993
"[array([14.97847126, 17.76778518, 15.04562754, 17.68241477, 14.98812859,
       17.75581036, 15.03695303])]",0.030069999999999993
"[array([15.00554405, 17.71872824, 15.04239867, 17.67274889, 15.01353808,
       17.70889478, 15.03598886])]",0.030079999999999992
"[array([15.02929907, 17.67452382, 15.04569604, 17.65449806, 15.0340876 ,
       17.66872393, 15.04226966])]",0.030089999999999992
"[array([17.62741105, 15.05038365, 17.63427608, 15.05400972, 17.62994551,
       15.05170771, 17.63268897, 15.05316015])]",0.03009999999999999
"[array([17.60396681, 15.06950922, 17.59697666, 15.06610729, 17.60090665,
       15.06800332, 17.59871242, 15.06693879])]",0.03010999999999999
"[array([17.57612425, 15.08740031, 17.56162092, 15.08101421, 17.5687543 ,
       15.08411385, 17.56530279, 15.08261447])]",0.03011999999999999
"[array([17.5443597 , 15.10478334, 17.52722308, 15.09803053, 17.53447068,
       15.10083466, 17.53148952, 15.09967018])]",0.03012999999999999
"[array([17.5091769 , 15.12233653, 17.49290438, 15.11667337, 17.49866473,
       15.1186236 , 17.49670687, 15.11795977])]",0.03013999999999999
"[array([17.47107311, 15.14067308, 17.45790511, 15.13667487, 17.46169518,
       15.13778172, 17.46066758, 15.13747901])]",0.03014999999999999
"[array([17.43053011, 15.16031406, 17.42158018, 15.15795334, 17.42364079,
       15.1584545 , 17.42322561, 15.15835206])]",0.03015999999999999
"[array([17.38802183, 15.18165744, 17.38349913, 15.18056144, 17.38443124,
       15.18074008, 17.38430813, 15.18071358])]",0.03016999999999999
"[array([17.34397139, 15.20504295, 17.34337512, 15.20467134, 17.3438469 ,
       15.20473651, 17.34382856, 15.20472173])]",0.030179999999999988
"[array([17.29885193, 15.23066879, 17.30109419, 15.23053534, 17.30161565,
       15.23055387, 17.3016637 , 15.23055987])]",0.030189999999999988
"[array([17.25303819, 15.25862466, 17.25666957, 15.25842543, 17.25748027,
       15.25840665, 17.25762133, 15.25840156])]",0.030199999999999987
"[array([17.2069391 , 15.2889127 , 17.21032642, 15.28858567, 17.21126282,
       15.28851955, 17.21148477, 15.28850393])]",0.030209999999999987
"[array([17.16089894, 15.32145937, 17.16232464, 15.32121713, 17.16284531,
       15.32115093, 17.16300385, 15.32113188])]",0.030219999999999986
"[array([17.11523229, 15.35608419, 17.11307716, 15.3564273 , 17.11233555,
       15.35656872, 17.11205729, 15.35660918])]",0.030229999999999986
"[array([17.07024269, 15.39259163, 17.06304691, 15.39420749, 17.05997545,
       15.39491764, 17.05861956, 15.39523381])]",0.030239999999999986
"[array([17.02618405, 15.43070351, 17.01270387, 15.43441977, 17.00616392,
       15.43630396, 17.00288284, 15.43726429])]",0.030249999999999985
"[array([16.98329486, 15.47012397, 16.96260045, 15.47681603, 16.95148248,
       15.48061855, 16.94525517, 15.48281045])]",0.030259999999999985
"[array([16.9417847 , 15.51055184, 16.91320467, 15.52108204, 16.89657611,
       15.52761717, 16.88639227, 15.53175501])]",0.030269999999999984
"[array([16.90182762, 15.55169125, 16.86501536, 15.56676617, 16.84217772,
       15.57683097, 16.8271824 , 15.58372288])]",0.030279999999999984
"[array([16.86353994, 15.59324159, 16.81846003, 15.61341745, 16.78905864,
       15.62768601, 16.76862485, 15.63809607])]",0.030289999999999984
"[array([16.82707395, 15.63490462, 16.7739226 , 15.6605479 , 16.73788797,
       15.67948235, 16.71177508, 15.69399376])]",0.030299999999999983
"[array([16.79249688, 15.67642311, 16.73169971, 15.70764254, 16.68932613,
       15.7314857 , 16.65765929, 15.75038825])]",0.030309999999999983
"[array([16.75988012, 15.71756911, 16.69207386, 15.75429263, 16.64387384,
       15.78296403, 16.60713414, 15.80623505])]",0.030319999999999982
"[array([16.7292803 , 15.75813015, 16.65520527, 15.80007023, 16.60197261,
       15.83325406, 16.56091672, 15.86052515])]",0.030329999999999982
"[array([16.70071988, 15.7979281 , 16.62124479, 15.84462819, 16.56386565,
       15.88178613, 16.51948397, 15.91243619])]",0.03033999999999998
"[array([16.67420604, 15.83681837, 16.5902586 , 15.88768666, 16.52973693,
       15.92811252, 16.48309747, 15.96134043])]",0.03034999999999998
"[array([16.64973251, 15.87468829, 16.56226932, 15.92904865, 16.49961237,
       15.97194211, 16.45180717, 16.00681264])]",0.03035999999999998
"[array([16.62728133, 15.91143188, 16.53725636, 15.96857364, 16.47346036,
       16.01307614, 16.42550833, 16.04868126])]",0.03036999999999998
"[array([16.60682458, 15.94699046, 16.51513481, 16.00615078, 16.45114801,
       16.05144898, 16.40394748, 16.08693355])]",0.03037999999999998
"[array([16.58832595, 15.98133676, 16.49585975, 16.04175923, 16.43250041,
       16.08707466, 16.38679697, 16.12169864])]",0.03038999999999998
"[array([16.57170354, 16.01442155, 16.47926943, 16.07541201, 16.4172866 ,
       16.12005218, 16.37368268, 16.1532096 ])]",0.03039999999999998
"[array([16.55693919, 16.04626193, 16.46526754, 16.10715036, 16.40525958,
       16.15052368, 16.36420659, 16.18175404])]",0.03040999999999998
"[array([16.54395551, 16.0768733 , 16.45370647, 16.13704836, 16.39616705,
       16.17866706, 16.35796074, 16.20766979])]",0.03041999999999998
"[array([16.53268603, 16.1062499 , 16.44443291, 16.16520481, 16.38973111,
       16.20469366, 16.3545427 , 16.23129006])]",0.030429999999999978
"[array([16.52306211, 16.13444716, 16.43729377, 16.19173114, 16.38570535,
       16.22882204, 16.35358981, 16.2529051 ])]",0.030439999999999977
"[array([16.51502896, 16.1615076 , 16.43213875, 16.21671991, 16.38383173,
       16.25125731, 16.3547711 , 16.27285701])]",0.030449999999999977
"[array([16.50847601, 16.18747789, 16.42882244, 16.24033664, 16.3838947 ,
       16.27220253, 16.35779978, 16.29138372])]",0.030459999999999977
"[array([16.50336465, 16.21241077, 16.42720588, 16.26266359, 16.38567161,
       16.29185318, 16.36241064, 16.30875269])]",0.030469999999999976
"[array([16.4996185 , 16.23636343, 16.42711796, 16.28386115, 16.38896165,
       16.31039353, 16.36835573, 16.32516515])]",0.030479999999999976
"[array([16.49716308, 16.25939613, 16.428465  , 16.3040192 , 16.39358543,
       16.32799453, 16.37544962, 16.34079818])]",0.030489999999999975
